[{"id": 0, "img_name": "00000_00", "width": 550, "height": 802, "position": [0.7653657980263234, 0.25448679924011225, 0.6832076758146285], "rotation": [[0.6912649869918823, 0.17809651792049405, -0.7003102898597718], [-0.021613938733935342, -0.9636219143867493, -0.2663942873477935], [-0.7222781181335449, 0.19928550720214844, -0.6622686982154846]], "fy": 2048.657958984375, "fx": 2048.657958984375}, {"id": 1, "img_name": "00000_01", "width": 550, "height": 802, "position": [0.7969010062515733, -0.3530741184949873, 0.7294437140226362], "rotation": [[0.7165570259094238, -0.20243164896965019, -0.6675085425376891], [-0.02370856516063216, -0.9634776115417479, 0.26673790812492365], [-0.6971255540847777, -0.17530722916126246, -0.6951860189437865]], "fy": 2048.657958984375, "fx": 2048.657958984375}, {"id": 2, "img_name": "00000_02", "width": 550, "height": 802, "position": [0.5042076893150806, 0.2679072916507721, 0.9600259512662888], "rotation": [[0.8940691947937013, 0.09921141713857651, -0.4368037581443787], [-0.014593746513128284, -0.9681934714317324, -0.24977722764015198], [-0.44769123196601873, 0.22969274222850802, -0.864184021949768]], "fy": 2048.657958984375, "fx": 2048.657958984375}, {"id": 3, "img_name": "00000_03", "width": 550, "height": 802, "position": [0.5203164406120777, -0.3452530205249786, 1.0143722146749496], "rotation": [[0.8949462771415709, -0.12773095071315765, -0.4274996519088745], [-0.011211455799639211, -0.9642813205718995, 0.2646433115005493], [-0.4460330903530121, -0.23204866051673884, -0.8644120693206785]], "fy": 2048.657958984375, "fx": 2048.657958984375}, {"id": 4, "img_name": "00000_04", "width": 550, "height": 802, "position": [0.3216189928352833, 0.23386102914810178, 1.0773296803236005], "rotation": [[0.9661773443222045, 0.044385008513927474, -0.25403028726577764], [-0.016783667728304866, -0.9721652865409852, -0.23369483649730688], [-0.2573319375514984, 0.230054184794426, -0.9385391473770143]], "fy": 2048.657958984375, "fx": 2048.657958984375}, {"id": 5, "img_name": "00000_05", "width": 550, "height": 802, "position": [0.32185249403119087, -0.3797273784875871, 1.1208374947309494], "rotation": [[0.9689755439758302, -0.05931218713521957, -0.23993438482284546], [0.007362637668848053, -0.9634204506874084, 0.2678931951522828], [-0.24704706668853757, -0.26134848594665533, -0.9330941438674927]], "fy": 2048.657958984375, "fx": 2048.657958984375}, {"id": 6, "img_name": "00000_06", "width": 550, "height": 802, "position": [0.11215098574757576, 0.23420000076293945, 1.0752488821744919], "rotation": [[0.9959025382995607, 0.022924799472093582, -0.0874794125556946], [6.662774831056181e-05, -0.9675214290618898, -0.25278952717781067], [-0.09043334424495696, 0.2517479360103607, -0.963558554649353]], "fy": 2048.657958984375, "fx": 2048.657958984375}, {"id": 7, "img_name": "00000_07", "width": 550, "height": 802, "position": [0.11396195366978643, -0.37863050401210774, 1.123943731188774], "rotation": [[0.9952858090400695, -0.03980421647429466, -0.08844044804573058], [-0.015767209231853485, -0.9661752581596373, 0.25740441679954523], [-0.09569475054740906, -0.2547965049743652, -0.9622480869293214]], "fy": 2048.657958984375, "fx": 2048.657958984375}, {"id": 8, "img_name": "00000_09", "width": 550, "height": 802, "position": [-0.11167880520224574, -0.37784898281097423, 1.138728305697441], "rotation": [[0.9959623217582703, 0.011361492797732364, 0.08905118703842164], [-0.015424253419041637, -0.9555516839027406, 0.29442024230957037], [0.0884380489587784, -0.29460501670837413, -0.9515181779861451]], "fy": 2048.657958984375, "fx": 2048.657958984375}, {"id": 9, "img_name": "00000_10", "width": 550, "height": 802, "position": [-0.3065414242446423, 0.23950287699699405, 1.0891933888196945], "rotation": [[0.9696444272994996, -0.051800139248371124, 0.2389695346355438], [0.006967139430344098, -0.971053659915924, -0.23875996470451352], [0.24442002177238464, 0.23317719995975494, -0.9412158727645874]], "fy": 2048.657958984375, "fx": 2048.657958984375}, {"id": 10, "img_name": "00000_11", "width": 550, "height": 802, "position": [-0.32486091181635857, -0.3760418146848679, 1.1346774548292162], "rotation": [[0.9674357175827025, 0.07159756869077684, 0.24277964234352115], [0.001262655714526777, -0.9605131149291994, 0.27823117375373846], [0.2531137764453888, -0.26886424422264105, -0.9293251633644106]], "fy": 2048.657958984375, "fx": 2048.657958984375}, {"id": 11, "img_name": "00000_12", "width": 550, "height": 802, "position": [-0.5016735605895519, 0.27264183759689326, 0.9743074029684065], "rotation": [[0.8987705707550049, -0.10569326579570772, 0.4254886209964752], [0.014070570468902577, -0.9630521535873412, -0.26894804835319513], [0.4381935894489288, 0.24770940840244288, -0.8640756011009215]], "fy": 2048.657958984375, "fx": 2048.657958984375}, {"id": 12, "img_name": "00000_13", "width": 550, "height": 802, "position": [-0.5352095179259777, -0.3398858308792114, 1.01879321038723], "rotation": [[0.8888627886772157, 0.1414832472801209, 0.435781478881836], [0.033091969788074486, -0.968468189239502, 0.24693061411380768], [0.4569769501686096, -0.20506657660007482, -0.8655173182487488]], "fy": 2048.657958984375, "fx": 2048.657958984375}, {"id": 13, "img_name": "00000_14", "width": 550, "height": 802, "position": [-0.8185766153037549, -0.345803901553154, 0.7463655918836594], "rotation": [[0.6948887109756469, 0.1901826411485672, 0.6935129165649414], [0.010357907973229823, -0.966941714286804, 0.2547867894172668], [0.7190426588058473, -0.1698651164770126, -0.673886775970459]], "fy": 2048.657958984375, "fx": 2048.657958984375}, {"id": 14, "img_name": "00000_15", "width": 550, "height": 802, "position": [-0.780012410134077, 0.2668405771255493, 0.6989845484495164], "rotation": [[0.7045129537582399, -0.16339434683322898, 0.6906256079673766], [0.044275943189859356, -0.9611203074455261, -0.2725566625595092], [0.7083085775375365, 0.22259783744812006, -0.6698873043060303]], "fy": 2048.657958984375, "fx": 2048.657958984375}, {"id": 15, "img_name": "00001_00", "width": 550, "height": 802, "position": [0.7653657980263234, 0.25448679924011225, 0.6832076758146285], "rotation": [[0.6912649869918823, 0.17809651792049405, -0.7003102898597718], [-0.021613938733935342, -0.9636219143867493, -0.2663942873477935], [-0.7222781181335449, 0.19928550720214844, -0.6622686982154846]], "fy": 2048.657958984375, "fx": 2048.657958984375}, {"id": 16, "img_name": "00001_01", "width": 550, "height": 802, "position": [0.7969010062515733, -0.3530741184949873, 0.7294437140226362], "rotation": [[0.7165570259094238, -0.20243164896965019, -0.6675085425376891], [-0.02370856516063216, -0.9634776115417479, 0.26673790812492365], [-0.6971255540847777, -0.17530722916126246, -0.6951860189437865]], "fy": 2048.657958984375, "fx": 2048.657958984375}, {"id": 17, "img_name": "00001_02", "width": 550, "height": 802, "position": [0.5042076893150806, 0.2679072916507721, 0.9600259512662888], "rotation": [[0.8940691947937013, 0.09921141713857651, -0.4368037581443787], [-0.014593746513128284, -0.9681934714317324, -0.24977722764015198], [-0.44769123196601873, 0.22969274222850802, -0.864184021949768]], "fy": 2048.657958984375, "fx": 2048.657958984375}, {"id": 18, "img_name": "00001_03", "width": 550, "height": 802, "position": [0.5203164406120777, -0.3452530205249786, 1.0143722146749496], "rotation": [[0.8949462771415709, -0.12773095071315765, -0.4274996519088745], [-0.011211455799639211, -0.9642813205718995, 0.2646433115005493], [-0.4460330903530121, -0.23204866051673884, -0.8644120693206785]], "fy": 2048.657958984375, "fx": 2048.657958984375}, {"id": 19, "img_name": "00001_04", "width": 550, "height": 802, "position": [0.3216189928352833, 0.23386102914810178, 1.0773296803236005], "rotation": [[0.9661773443222045, 0.044385008513927474, -0.25403028726577764], [-0.016783667728304866, -0.9721652865409852, -0.23369483649730688], [-0.2573319375514984, 0.230054184794426, -0.9385391473770143]], "fy": 2048.657958984375, "fx": 2048.657958984375}, {"id": 20, "img_name": "00001_05", "width": 550, "height": 802, "position": [0.32185249403119087, -0.3797273784875871, 1.1208374947309494], "rotation": [[0.9689755439758302, -0.05931218713521957, -0.23993438482284546], [0.007362637668848053, -0.9634204506874084, 0.2678931951522828], [-0.24704706668853757, -0.26134848594665533, -0.9330941438674927]], "fy": 2048.657958984375, "fx": 2048.657958984375}, {"id": 21, "img_name": "00001_06", "width": 550, "height": 802, "position": [0.11215098574757576, 0.23420000076293945, 1.0752488821744919], "rotation": [[0.9959025382995607, 0.022924799472093582, -0.0874794125556946], [6.662774831056181e-05, -0.9675214290618898, -0.25278952717781067], [-0.09043334424495696, 0.2517479360103607, -0.963558554649353]], "fy": 2048.657958984375, "fx": 2048.657958984375}, {"id": 22, "img_name": "00001_07", "width": 550, "height": 802, "position": [0.11396195366978643, -0.37863050401210774, 1.123943731188774], "rotation": [[0.9952858090400695, -0.03980421647429466, -0.08844044804573058], [-0.015767209231853485, -0.9661752581596373, 0.25740441679954523], [-0.09569475054740906, -0.2547965049743652, -0.9622480869293214]], "fy": 2048.657958984375, "fx": 2048.657958984375}, {"id": 23, "img_name": "00001_09", "width": 550, "height": 802, "position": [-0.11167880520224574, -0.37784898281097423, 1.138728305697441], "rotation": [[0.9959623217582703, 0.011361492797732364, 0.08905118703842164], [-0.015424253419041637, -0.9555516839027406, 0.29442024230957037], [0.0884380489587784, -0.29460501670837413, -0.9515181779861451]], "fy": 2048.657958984375, "fx": 2048.657958984375}, {"id": 24, "img_name": "00001_10", "width": 550, "height": 802, "position": [-0.3065414242446423, 0.23950287699699405, 1.0891933888196945], "rotation": [[0.9696444272994996, -0.051800139248371124, 0.2389695346355438], [0.006967139430344098, -0.971053659915924, -0.23875996470451352], [0.24442002177238464, 0.23317719995975494, -0.9412158727645874]], "fy": 2048.657958984375, "fx": 2048.657958984375}, {"id": 25, "img_name": "00001_11", "width": 550, "height": 802, "position": [-0.32486091181635857, -0.3760418146848679, 1.1346774548292162], "rotation": [[0.9674357175827025, 0.07159756869077684, 0.24277964234352115], [0.001262655714526777, -0.9605131149291994, 0.27823117375373846], [0.2531137764453888, -0.26886424422264105, -0.9293251633644106]], "fy": 2048.657958984375, "fx": 2048.657958984375}, {"id": 26, "img_name": "00001_12", "width": 550, "height": 802, "position": [-0.5016735605895519, 0.27264183759689326, 0.9743074029684065], "rotation": [[0.8987705707550049, -0.10569326579570772, 0.4254886209964752], [0.014070570468902577, -0.9630521535873412, -0.26894804835319513], [0.4381935894489288, 0.24770940840244288, -0.8640756011009215]], "fy": 2048.657958984375, "fx": 2048.657958984375}, {"id": 27, "img_name": "00001_13", "width": 550, "height": 802, "position": [-0.5352095179259777, -0.3398858308792114, 1.01879321038723], "rotation": [[0.8888627886772157, 0.1414832472801209, 0.435781478881836], [0.033091969788074486, -0.968468189239502, 0.24693061411380768], [0.4569769501686096, -0.20506657660007482, -0.8655173182487488]], "fy": 2048.657958984375, "fx": 2048.657958984375}, {"id": 28, "img_name": "00001_14", "width": 550, "height": 802, "position": [-0.8185766153037549, -0.345803901553154, 0.7463655918836594], "rotation": [[0.6948887109756469, 0.1901826411485672, 0.6935129165649414], [0.010357907973229823, -0.966941714286804, 0.2547867894172668], [0.7190426588058473, -0.1698651164770126, -0.673886775970459]], "fy": 2048.657958984375, "fx": 2048.657958984375}, {"id": 29, "img_name": "00001_15", "width": 550, "height": 802, "position": [-0.780012410134077, 0.2668405771255493, 0.6989845484495164], "rotation": [[0.7045129537582399, -0.16339434683322898, 0.6906256079673766], [0.044275943189859356, -0.9611203074455261, -0.2725566625595092], [0.7083085775375365, 0.22259783744812006, -0.6698873043060303]], "fy": 2048.657958984375, "fx": 2048.657958984375}, {"id": 30, "img_name": "00002_00", "width": 550, "height": 802, "position": [0.7653657980263234, 0.25448679924011225, 0.6832076758146285], "rotation": [[0.6912649869918823, 0.17809651792049405, -0.7003102898597718], [-0.021613938733935342, -0.9636219143867493, -0.2663942873477935], [-0.7222781181335449, 0.19928550720214844, -0.6622686982154846]], "fy": 2048.657958984375, "fx": 2048.657958984375}, {"id": 31, "img_name": "00002_01", "width": 550, "height": 802, "position": [0.7969010062515733, -0.3530741184949873, 0.7294437140226362], "rotation": [[0.7165570259094238, -0.20243164896965019, -0.6675085425376891], [-0.02370856516063216, -0.9634776115417479, 0.26673790812492365], [-0.6971255540847777, -0.17530722916126246, -0.6951860189437865]], "fy": 2048.657958984375, "fx": 2048.657958984375}, {"id": 32, "img_name": "00002_02", "width": 550, "height": 802, "position": [0.5042076893150806, 0.2679072916507721, 0.9600259512662888], "rotation": [[0.8940691947937013, 0.09921141713857651, -0.4368037581443787], [-0.014593746513128284, -0.9681934714317324, -0.24977722764015198], [-0.44769123196601873, 0.22969274222850802, -0.864184021949768]], "fy": 2048.657958984375, "fx": 2048.657958984375}, {"id": 33, "img_name": "00002_03", "width": 550, "height": 802, "position": [0.5203164406120777, -0.3452530205249786, 1.0143722146749496], "rotation": [[0.8949462771415709, -0.12773095071315765, -0.4274996519088745], [-0.011211455799639211, -0.9642813205718995, 0.2646433115005493], [-0.4460330903530121, -0.23204866051673884, -0.8644120693206785]], "fy": 2048.657958984375, "fx": 2048.657958984375}, {"id": 34, "img_name": "00002_04", "width": 550, "height": 802, "position": [0.3216189928352833, 0.23386102914810178, 1.0773296803236005], "rotation": [[0.9661773443222045, 0.044385008513927474, -0.25403028726577764], [-0.016783667728304866, -0.9721652865409852, -0.23369483649730688], [-0.2573319375514984, 0.230054184794426, -0.9385391473770143]], "fy": 2048.657958984375, "fx": 2048.657958984375}, {"id": 35, "img_name": "00002_05", "width": 550, "height": 802, "position": [0.32185249403119087, -0.3797273784875871, 1.1208374947309494], "rotation": [[0.9689755439758302, -0.05931218713521957, -0.23993438482284546], [0.007362637668848053, -0.9634204506874084, 0.2678931951522828], [-0.24704706668853757, -0.26134848594665533, -0.9330941438674927]], "fy": 2048.657958984375, "fx": 2048.657958984375}, {"id": 36, "img_name": "00002_06", "width": 550, "height": 802, "position": [0.11215098574757576, 0.23420000076293945, 1.0752488821744919], "rotation": [[0.9959025382995607, 0.022924799472093582, -0.0874794125556946], [6.662774831056181e-05, -0.9675214290618898, -0.25278952717781067], [-0.09043334424495696, 0.2517479360103607, -0.963558554649353]], "fy": 2048.657958984375, "fx": 2048.657958984375}, {"id": 37, "img_name": "00002_07", "width": 550, "height": 802, "position": [0.11396195366978643, -0.37863050401210774, 1.123943731188774], "rotation": [[0.9952858090400695, -0.03980421647429466, -0.08844044804573058], [-0.015767209231853485, -0.9661752581596373, 0.25740441679954523], [-0.09569475054740906, -0.2547965049743652, -0.9622480869293214]], "fy": 2048.657958984375, "fx": 2048.657958984375}, {"id": 38, "img_name": "00002_09", "width": 550, "height": 802, "position": [-0.11167880520224574, -0.37784898281097423, 1.138728305697441], "rotation": [[0.9959623217582703, 0.011361492797732364, 0.08905118703842164], [-0.015424253419041637, -0.9555516839027406, 0.29442024230957037], [0.0884380489587784, -0.29460501670837413, -0.9515181779861451]], "fy": 2048.657958984375, "fx": 2048.657958984375}, {"id": 39, "img_name": "00002_10", "width": 550, "height": 802, "position": [-0.3065414242446423, 0.23950287699699405, 1.0891933888196945], "rotation": [[0.9696444272994996, -0.051800139248371124, 0.2389695346355438], [0.006967139430344098, -0.971053659915924, -0.23875996470451352], [0.24442002177238464, 0.23317719995975494, -0.9412158727645874]], "fy": 2048.657958984375, "fx": 2048.657958984375}, {"id": 40, "img_name": "00002_11", "width": 550, "height": 802, "position": [-0.32486091181635857, -0.3760418146848679, 1.1346774548292162], "rotation": [[0.9674357175827025, 0.07159756869077684, 0.24277964234352115], [0.001262655714526777, -0.9605131149291994, 0.27823117375373846], [0.2531137764453888, -0.26886424422264105, -0.9293251633644106]], "fy": 2048.657958984375, "fx": 2048.657958984375}, {"id": 41, "img_name": "00002_12", "width": 550, "height": 802, "position": [-0.5016735605895519, 0.27264183759689326, 0.9743074029684065], "rotation": [[0.8987705707550049, -0.10569326579570772, 0.4254886209964752], [0.014070570468902577, -0.9630521535873412, -0.26894804835319513], [0.4381935894489288, 0.24770940840244288, -0.8640756011009215]], "fy": 2048.657958984375, "fx": 2048.657958984375}, {"id": 42, "img_name": "00002_13", "width": 550, "height": 802, "position": [-0.5352095179259777, -0.3398858308792114, 1.01879321038723], "rotation": [[0.8888627886772157, 0.1414832472801209, 0.435781478881836], [0.033091969788074486, -0.968468189239502, 0.24693061411380768], [0.4569769501686096, -0.20506657660007482, -0.8655173182487488]], "fy": 2048.657958984375, "fx": 2048.657958984375}, {"id": 43, "img_name": "00002_14", "width": 550, "height": 802, "position": [-0.8185766153037549, -0.345803901553154, 0.7463655918836594], "rotation": [[0.6948887109756469, 0.1901826411485672, 0.6935129165649414], [0.010357907973229823, -0.966941714286804, 0.2547867894172668], [0.7190426588058473, -0.1698651164770126, -0.673886775970459]], "fy": 2048.657958984375, "fx": 2048.657958984375}, {"id": 44, "img_name": "00002_15", "width": 550, "height": 802, "position": [-0.780012410134077, 0.2668405771255493, 0.6989845484495164], "rotation": [[0.7045129537582399, -0.16339434683322898, 0.6906256079673766], [0.044275943189859356, -0.9611203074455261, -0.2725566625595092], [0.7083085775375365, 0.22259783744812006, -0.6698873043060303]], "fy": 2048.657958984375, "fx": 2048.657958984375}, {"id": 45, "img_name": "00003_00", "width": 550, "height": 802, "position": [0.7653657980263234, 0.25448679924011225, 0.6832076758146285], "rotation": [[0.6912649869918823, 0.17809651792049405, -0.7003102898597718], [-0.021613938733935342, -0.9636219143867493, -0.2663942873477935], [-0.7222781181335449, 0.19928550720214844, -0.6622686982154846]], "fy": 2048.657958984375, "fx": 2048.657958984375}, {"id": 46, "img_name": "00003_01", "width": 550, "height": 802, "position": [0.7969010062515733, -0.3530741184949873, 0.7294437140226362], "rotation": [[0.7165570259094238, -0.20243164896965019, -0.6675085425376891], [-0.02370856516063216, -0.9634776115417479, 0.26673790812492365], [-0.6971255540847777, -0.17530722916126246, -0.6951860189437865]], "fy": 2048.657958984375, "fx": 2048.657958984375}, {"id": 47, "img_name": "00003_02", "width": 550, "height": 802, "position": [0.5042076893150806, 0.2679072916507721, 0.9600259512662888], "rotation": [[0.8940691947937013, 0.09921141713857651, -0.4368037581443787], [-0.014593746513128284, -0.9681934714317324, -0.24977722764015198], [-0.44769123196601873, 0.22969274222850802, -0.864184021949768]], "fy": 2048.657958984375, "fx": 2048.657958984375}, {"id": 48, "img_name": "00003_03", "width": 550, "height": 802, "position": [0.5203164406120777, -0.3452530205249786, 1.0143722146749496], "rotation": [[0.8949462771415709, -0.12773095071315765, -0.4274996519088745], [-0.011211455799639211, -0.9642813205718995, 0.2646433115005493], [-0.4460330903530121, -0.23204866051673884, -0.8644120693206785]], "fy": 2048.657958984375, "fx": 2048.657958984375}, {"id": 49, "img_name": "00003_04", "width": 550, "height": 802, "position": [0.3216189928352833, 0.23386102914810178, 1.0773296803236005], "rotation": [[0.9661773443222045, 0.044385008513927474, -0.25403028726577764], [-0.016783667728304866, -0.9721652865409852, -0.23369483649730688], [-0.2573319375514984, 0.230054184794426, -0.9385391473770143]], "fy": 2048.657958984375, "fx": 2048.657958984375}, {"id": 50, "img_name": "00003_05", "width": 550, "height": 802, "position": [0.32185249403119087, -0.3797273784875871, 1.1208374947309494], "rotation": [[0.9689755439758302, -0.05931218713521957, -0.23993438482284546], [0.007362637668848053, -0.9634204506874084, 0.2678931951522828], [-0.24704706668853757, -0.26134848594665533, -0.9330941438674927]], "fy": 2048.657958984375, "fx": 2048.657958984375}, {"id": 51, "img_name": "00003_06", "width": 550, "height": 802, "position": [0.11215098574757576, 0.23420000076293945, 1.0752488821744919], "rotation": [[0.9959025382995607, 0.022924799472093582, -0.0874794125556946], [6.662774831056181e-05, -0.9675214290618898, -0.25278952717781067], [-0.09043334424495696, 0.2517479360103607, -0.963558554649353]], "fy": 2048.657958984375, "fx": 2048.657958984375}, {"id": 52, "img_name": "00003_07", "width": 550, "height": 802, "position": [0.11396195366978643, -0.37863050401210774, 1.123943731188774], "rotation": [[0.9952858090400695, -0.03980421647429466, -0.08844044804573058], [-0.015767209231853485, -0.9661752581596373, 0.25740441679954523], [-0.09569475054740906, -0.2547965049743652, -0.9622480869293214]], "fy": 2048.657958984375, "fx": 2048.657958984375}, {"id": 53, "img_name": "00003_09", "width": 550, "height": 802, "position": [-0.11167880520224574, -0.37784898281097423, 1.138728305697441], "rotation": [[0.9959623217582703, 0.011361492797732364, 0.08905118703842164], [-0.015424253419041637, -0.9555516839027406, 0.29442024230957037], [0.0884380489587784, -0.29460501670837413, -0.9515181779861451]], "fy": 2048.657958984375, "fx": 2048.657958984375}, {"id": 54, "img_name": "00003_10", "width": 550, "height": 802, "position": [-0.3065414242446423, 0.23950287699699405, 1.0891933888196945], "rotation": [[0.9696444272994996, -0.051800139248371124, 0.2389695346355438], [0.006967139430344098, -0.971053659915924, -0.23875996470451352], [0.24442002177238464, 0.23317719995975494, -0.9412158727645874]], "fy": 2048.657958984375, "fx": 2048.657958984375}, {"id": 55, "img_name": "00003_11", "width": 550, "height": 802, "position": [-0.32486091181635857, -0.3760418146848679, 1.1346774548292162], "rotation": [[0.9674357175827025, 0.07159756869077684, 0.24277964234352115], [0.001262655714526777, -0.9605131149291994, 0.27823117375373846], [0.2531137764453888, -0.26886424422264105, -0.9293251633644106]], "fy": 2048.657958984375, "fx": 2048.657958984375}, {"id": 56, "img_name": "00003_12", "width": 550, "height": 802, "position": [-0.5016735605895519, 0.27264183759689326, 0.9743074029684065], "rotation": [[0.8987705707550049, -0.10569326579570772, 0.4254886209964752], [0.014070570468902577, -0.9630521535873412, -0.26894804835319513], [0.4381935894489288, 0.24770940840244288, -0.8640756011009215]], "fy": 2048.657958984375, "fx": 2048.657958984375}, {"id": 57, "img_name": "00003_13", "width": 550, "height": 802, "position": [-0.5352095179259777, -0.3398858308792114, 1.01879321038723], "rotation": [[0.8888627886772157, 0.1414832472801209, 0.435781478881836], [0.033091969788074486, -0.968468189239502, 0.24693061411380768], [0.4569769501686096, -0.20506657660007482, -0.8655173182487488]], "fy": 2048.657958984375, "fx": 2048.657958984375}, {"id": 58, "img_name": "00003_14", "width": 550, "height": 802, "position": [-0.8185766153037549, -0.345803901553154, 0.7463655918836594], "rotation": [[0.6948887109756469, 0.1901826411485672, 0.6935129165649414], [0.010357907973229823, -0.966941714286804, 0.2547867894172668], [0.7190426588058473, -0.1698651164770126, -0.673886775970459]], "fy": 2048.657958984375, "fx": 2048.657958984375}, {"id": 59, "img_name": "00003_15", "width": 550, "height": 802, "position": [-0.780012410134077, 0.2668405771255493, 0.6989845484495164], "rotation": [[0.7045129537582399, -0.16339434683322898, 0.6906256079673766], [0.044275943189859356, -0.9611203074455261, -0.2725566625595092], [0.7083085775375365, 0.22259783744812006, -0.6698873043060303]], "fy": 2048.657958984375, "fx": 2048.657958984375}, {"id": 60, "img_name": "00004_00", "width": 550, "height": 802, "position": [0.7653657980263234, 0.25448679924011225, 0.6832076758146285], "rotation": [[0.6912649869918823, 0.17809651792049405, -0.7003102898597718], [-0.021613938733935342, -0.9636219143867493, -0.2663942873477935], [-0.7222781181335449, 0.19928550720214844, -0.6622686982154846]], "fy": 2048.657958984375, "fx": 2048.657958984375}, {"id": 61, "img_name": "00004_01", "width": 550, "height": 802, "position": [0.7969010062515733, -0.3530741184949873, 0.7294437140226362], "rotation": [[0.7165570259094238, -0.20243164896965019, -0.6675085425376891], [-0.02370856516063216, -0.9634776115417479, 0.26673790812492365], [-0.6971255540847777, -0.17530722916126246, -0.6951860189437865]], "fy": 2048.657958984375, "fx": 2048.657958984375}, {"id": 62, "img_name": "00004_02", "width": 550, "height": 802, "position": [0.5042076893150806, 0.2679072916507721, 0.9600259512662888], "rotation": [[0.8940691947937013, 0.09921141713857651, -0.4368037581443787], [-0.014593746513128284, -0.9681934714317324, -0.24977722764015198], [-0.44769123196601873, 0.22969274222850802, -0.864184021949768]], "fy": 2048.657958984375, "fx": 2048.657958984375}, {"id": 63, "img_name": "00004_03", "width": 550, "height": 802, "position": [0.5203164406120777, -0.3452530205249786, 1.0143722146749496], "rotation": [[0.8949462771415709, -0.12773095071315765, -0.4274996519088745], [-0.011211455799639211, -0.9642813205718995, 0.2646433115005493], [-0.4460330903530121, -0.23204866051673884, -0.8644120693206785]], "fy": 2048.657958984375, "fx": 2048.657958984375}, {"id": 64, "img_name": "00004_04", "width": 550, "height": 802, "position": [0.3216189928352833, 0.23386102914810178, 1.0773296803236005], "rotation": [[0.9661773443222045, 0.044385008513927474, -0.25403028726577764], [-0.016783667728304866, -0.9721652865409852, -0.23369483649730688], [-0.2573319375514984, 0.230054184794426, -0.9385391473770143]], "fy": 2048.657958984375, "fx": 2048.657958984375}, {"id": 65, "img_name": "00004_05", "width": 550, "height": 802, "position": [0.32185249403119087, -0.3797273784875871, 1.1208374947309494], "rotation": [[0.9689755439758302, -0.05931218713521957, -0.23993438482284546], [0.007362637668848053, -0.9634204506874084, 0.2678931951522828], [-0.24704706668853757, -0.26134848594665533, -0.9330941438674927]], "fy": 2048.657958984375, "fx": 2048.657958984375}, {"id": 66, "img_name": "00004_06", "width": 550, "height": 802, "position": [0.11215098574757576, 0.23420000076293945, 1.0752488821744919], "rotation": [[0.9959025382995607, 0.022924799472093582, -0.0874794125556946], [6.662774831056181e-05, -0.9675214290618898, -0.25278952717781067], [-0.09043334424495696, 0.2517479360103607, -0.963558554649353]], "fy": 2048.657958984375, "fx": 2048.657958984375}, {"id": 67, "img_name": "00004_07", "width": 550, "height": 802, "position": [0.11396195366978643, -0.37863050401210774, 1.123943731188774], "rotation": [[0.9952858090400695, -0.03980421647429466, -0.08844044804573058], [-0.015767209231853485, -0.9661752581596373, 0.25740441679954523], [-0.09569475054740906, -0.2547965049743652, -0.9622480869293214]], "fy": 2048.657958984375, "fx": 2048.657958984375}, {"id": 68, "img_name": "00004_09", "width": 550, "height": 802, "position": [-0.11167880520224574, -0.37784898281097423, 1.138728305697441], "rotation": [[0.9959623217582703, 0.011361492797732364, 0.08905118703842164], [-0.015424253419041637, -0.9555516839027406, 0.29442024230957037], [0.0884380489587784, -0.29460501670837413, -0.9515181779861451]], "fy": 2048.657958984375, "fx": 2048.657958984375}, {"id": 69, "img_name": "00004_10", "width": 550, "height": 802, "position": [-0.3065414242446423, 0.23950287699699405, 1.0891933888196945], "rotation": [[0.9696444272994996, -0.051800139248371124, 0.2389695346355438], [0.006967139430344098, -0.971053659915924, -0.23875996470451352], [0.24442002177238464, 0.23317719995975494, -0.9412158727645874]], "fy": 2048.657958984375, "fx": 2048.657958984375}, {"id": 70, "img_name": "00004_11", "width": 550, "height": 802, "position": [-0.32486091181635857, -0.3760418146848679, 1.1346774548292162], "rotation": [[0.9674357175827025, 0.07159756869077684, 0.24277964234352115], [0.001262655714526777, -0.9605131149291994, 0.27823117375373846], [0.2531137764453888, -0.26886424422264105, -0.9293251633644106]], "fy": 2048.657958984375, "fx": 2048.657958984375}, {"id": 71, "img_name": "00004_12", "width": 550, "height": 802, "position": [-0.5016735605895519, 0.27264183759689326, 0.9743074029684065], "rotation": [[0.8987705707550049, -0.10569326579570772, 0.4254886209964752], [0.014070570468902577, -0.9630521535873412, -0.26894804835319513], [0.4381935894489288, 0.24770940840244288, -0.8640756011009215]], "fy": 2048.657958984375, "fx": 2048.657958984375}, {"id": 72, "img_name": "00004_13", "width": 550, "height": 802, "position": [-0.5352095179259777, -0.3398858308792114, 1.01879321038723], "rotation": [[0.8888627886772157, 0.1414832472801209, 0.435781478881836], [0.033091969788074486, -0.968468189239502, 0.24693061411380768], [0.4569769501686096, -0.20506657660007482, -0.8655173182487488]], "fy": 2048.657958984375, "fx": 2048.657958984375}, {"id": 73, "img_name": "00004_14", "width": 550, "height": 802, "position": [-0.8185766153037549, -0.345803901553154, 0.7463655918836594], "rotation": [[0.6948887109756469, 0.1901826411485672, 0.6935129165649414], [0.010357907973229823, -0.966941714286804, 0.2547867894172668], [0.7190426588058473, -0.1698651164770126, -0.673886775970459]], "fy": 2048.657958984375, "fx": 2048.657958984375}, {"id": 74, "img_name": "00004_15", "width": 550, "height": 802, "position": [-0.780012410134077, 0.2668405771255493, 0.6989845484495164], "rotation": [[0.7045129537582399, -0.16339434683322898, 0.6906256079673766], [0.044275943189859356, -0.9611203074455261, -0.2725566625595092], [0.7083085775375365, 0.22259783744812006, -0.6698873043060303]], "fy": 2048.657958984375, "fx": 2048.657958984375}, {"id": 75, "img_name": "00005_00", "width": 550, "height": 802, "position": [0.7653657980263234, 0.25448679924011225, 0.6832076758146285], "rotation": [[0.6912649869918823, 0.17809651792049405, -0.7003102898597718], [-0.021613938733935342, -0.9636219143867493, -0.2663942873477935], [-0.7222781181335449, 0.19928550720214844, -0.6622686982154846]], "fy": 2048.657958984375, "fx": 2048.657958984375}, {"id": 76, "img_name": "00005_01", "width": 550, "height": 802, "position": [0.7969010062515733, -0.3530741184949873, 0.7294437140226362], "rotation": [[0.7165570259094238, -0.20243164896965019, -0.6675085425376891], [-0.02370856516063216, -0.9634776115417479, 0.26673790812492365], [-0.6971255540847777, -0.17530722916126246, -0.6951860189437865]], "fy": 2048.657958984375, "fx": 2048.657958984375}, {"id": 77, "img_name": "00005_02", "width": 550, "height": 802, "position": [0.5042076893150806, 0.2679072916507721, 0.9600259512662888], "rotation": [[0.8940691947937013, 0.09921141713857651, -0.4368037581443787], [-0.014593746513128284, -0.9681934714317324, -0.24977722764015198], [-0.44769123196601873, 0.22969274222850802, -0.864184021949768]], "fy": 2048.657958984375, "fx": 2048.657958984375}, {"id": 78, "img_name": "00005_03", "width": 550, "height": 802, "position": [0.5203164406120777, -0.3452530205249786, 1.0143722146749496], "rotation": [[0.8949462771415709, -0.12773095071315765, -0.4274996519088745], [-0.011211455799639211, -0.9642813205718995, 0.2646433115005493], [-0.4460330903530121, -0.23204866051673884, -0.8644120693206785]], "fy": 2048.657958984375, "fx": 2048.657958984375}, {"id": 79, "img_name": "00005_04", "width": 550, "height": 802, "position": [0.3216189928352833, 0.23386102914810178, 1.0773296803236005], "rotation": [[0.9661773443222045, 0.044385008513927474, -0.25403028726577764], [-0.016783667728304866, -0.9721652865409852, -0.23369483649730688], [-0.2573319375514984, 0.230054184794426, -0.9385391473770143]], "fy": 2048.657958984375, "fx": 2048.657958984375}, {"id": 80, "img_name": "00005_05", "width": 550, "height": 802, "position": [0.32185249403119087, -0.3797273784875871, 1.1208374947309494], "rotation": [[0.9689755439758302, -0.05931218713521957, -0.23993438482284546], [0.007362637668848053, -0.9634204506874084, 0.2678931951522828], [-0.24704706668853757, -0.26134848594665533, -0.9330941438674927]], "fy": 2048.657958984375, "fx": 2048.657958984375}, {"id": 81, "img_name": "00005_06", "width": 550, "height": 802, "position": [0.11215098574757576, 0.23420000076293945, 1.0752488821744919], "rotation": [[0.9959025382995607, 0.022924799472093582, -0.0874794125556946], [6.662774831056181e-05, -0.9675214290618898, -0.25278952717781067], [-0.09043334424495696, 0.2517479360103607, -0.963558554649353]], "fy": 2048.657958984375, "fx": 2048.657958984375}, {"id": 82, "img_name": "00005_07", "width": 550, "height": 802, "position": [0.11396195366978643, -0.37863050401210774, 1.123943731188774], "rotation": [[0.9952858090400695, -0.03980421647429466, -0.08844044804573058], [-0.015767209231853485, -0.9661752581596373, 0.25740441679954523], [-0.09569475054740906, -0.2547965049743652, -0.9622480869293214]], "fy": 2048.657958984375, "fx": 2048.657958984375}, {"id": 83, "img_name": "00005_09", "width": 550, "height": 802, "position": [-0.11167880520224574, -0.37784898281097423, 1.138728305697441], "rotation": [[0.9959623217582703, 0.011361492797732364, 0.08905118703842164], [-0.015424253419041637, -0.9555516839027406, 0.29442024230957037], [0.0884380489587784, -0.29460501670837413, -0.9515181779861451]], "fy": 2048.657958984375, "fx": 2048.657958984375}, {"id": 84, "img_name": "00005_10", "width": 550, "height": 802, "position": [-0.3065414242446423, 0.23950287699699405, 1.0891933888196945], "rotation": [[0.9696444272994996, -0.051800139248371124, 0.2389695346355438], [0.006967139430344098, -0.971053659915924, -0.23875996470451352], [0.24442002177238464, 0.23317719995975494, -0.9412158727645874]], "fy": 2048.657958984375, "fx": 2048.657958984375}, {"id": 85, "img_name": "00005_11", "width": 550, "height": 802, "position": [-0.32486091181635857, -0.3760418146848679, 1.1346774548292162], "rotation": [[0.9674357175827025, 0.07159756869077684, 0.24277964234352115], [0.001262655714526777, -0.9605131149291994, 0.27823117375373846], [0.2531137764453888, -0.26886424422264105, -0.9293251633644106]], "fy": 2048.657958984375, "fx": 2048.657958984375}, {"id": 86, "img_name": "00005_12", "width": 550, "height": 802, "position": [-0.5016735605895519, 0.27264183759689326, 0.9743074029684065], "rotation": [[0.8987705707550049, -0.10569326579570772, 0.4254886209964752], [0.014070570468902577, -0.9630521535873412, -0.26894804835319513], [0.4381935894489288, 0.24770940840244288, -0.8640756011009215]], "fy": 2048.657958984375, "fx": 2048.657958984375}, {"id": 87, "img_name": "00005_13", "width": 550, "height": 802, "position": [-0.5352095179259777, -0.3398858308792114, 1.01879321038723], "rotation": [[0.8888627886772157, 0.1414832472801209, 0.435781478881836], [0.033091969788074486, -0.968468189239502, 0.24693061411380768], [0.4569769501686096, -0.20506657660007482, -0.8655173182487488]], "fy": 2048.657958984375, "fx": 2048.657958984375}, {"id": 88, "img_name": "00005_14", "width": 550, "height": 802, "position": [-0.8185766153037549, -0.345803901553154, 0.7463655918836594], "rotation": [[0.6948887109756469, 0.1901826411485672, 0.6935129165649414], [0.010357907973229823, -0.966941714286804, 0.2547867894172668], [0.7190426588058473, -0.1698651164770126, -0.673886775970459]], "fy": 2048.657958984375, "fx": 2048.657958984375}, {"id": 89, "img_name": "00005_15", "width": 550, "height": 802, "position": [-0.780012410134077, 0.2668405771255493, 0.6989845484495164], "rotation": [[0.7045129537582399, -0.16339434683322898, 0.6906256079673766], [0.044275943189859356, -0.9611203074455261, -0.2725566625595092], [0.7083085775375365, 0.22259783744812006, -0.6698873043060303]], "fy": 2048.657958984375, "fx": 2048.657958984375}, {"id": 90, "img_name": "00006_00", "width": 550, "height": 802, "position": [0.7653657980263234, 0.25448679924011225, 0.6832076758146285], "rotation": [[0.6912649869918823, 0.17809651792049405, -0.7003102898597718], [-0.021613938733935342, -0.9636219143867493, -0.2663942873477935], [-0.7222781181335449, 0.19928550720214844, -0.6622686982154846]], "fy": 2048.657958984375, "fx": 2048.657958984375}, {"id": 91, "img_name": "00006_01", "width": 550, "height": 802, "position": [0.7969010062515733, -0.3530741184949873, 0.7294437140226362], "rotation": [[0.7165570259094238, -0.20243164896965019, -0.6675085425376891], [-0.02370856516063216, -0.9634776115417479, 0.26673790812492365], [-0.6971255540847777, -0.17530722916126246, -0.6951860189437865]], "fy": 2048.657958984375, "fx": 2048.657958984375}, {"id": 92, "img_name": "00006_02", "width": 550, "height": 802, "position": [0.5042076893150806, 0.2679072916507721, 0.9600259512662888], "rotation": [[0.8940691947937013, 0.09921141713857651, -0.4368037581443787], [-0.014593746513128284, -0.9681934714317324, -0.24977722764015198], [-0.44769123196601873, 0.22969274222850802, -0.864184021949768]], "fy": 2048.657958984375, "fx": 2048.657958984375}, {"id": 93, "img_name": "00006_03", "width": 550, "height": 802, "position": [0.5203164406120777, -0.3452530205249786, 1.0143722146749496], "rotation": [[0.8949462771415709, -0.12773095071315765, -0.4274996519088745], [-0.011211455799639211, -0.9642813205718995, 0.2646433115005493], [-0.4460330903530121, -0.23204866051673884, -0.8644120693206785]], "fy": 2048.657958984375, "fx": 2048.657958984375}, {"id": 94, "img_name": "00006_04", "width": 550, "height": 802, "position": [0.3216189928352833, 0.23386102914810178, 1.0773296803236005], "rotation": [[0.9661773443222045, 0.044385008513927474, -0.25403028726577764], [-0.016783667728304866, -0.9721652865409852, -0.23369483649730688], [-0.2573319375514984, 0.230054184794426, -0.9385391473770143]], "fy": 2048.657958984375, "fx": 2048.657958984375}, {"id": 95, "img_name": "00006_05", "width": 550, "height": 802, "position": [0.32185249403119087, -0.3797273784875871, 1.1208374947309494], "rotation": [[0.9689755439758302, -0.05931218713521957, -0.23993438482284546], [0.007362637668848053, -0.9634204506874084, 0.2678931951522828], [-0.24704706668853757, -0.26134848594665533, -0.9330941438674927]], "fy": 2048.657958984375, "fx": 2048.657958984375}, {"id": 96, "img_name": "00006_06", "width": 550, "height": 802, "position": [0.11215098574757576, 0.23420000076293945, 1.0752488821744919], "rotation": [[0.9959025382995607, 0.022924799472093582, -0.0874794125556946], [6.662774831056181e-05, -0.9675214290618898, -0.25278952717781067], [-0.09043334424495696, 0.2517479360103607, -0.963558554649353]], "fy": 2048.657958984375, "fx": 2048.657958984375}, {"id": 97, "img_name": "00006_07", "width": 550, "height": 802, "position": [0.11396195366978643, -0.37863050401210774, 1.123943731188774], "rotation": [[0.9952858090400695, -0.03980421647429466, -0.08844044804573058], [-0.015767209231853485, -0.9661752581596373, 0.25740441679954523], [-0.09569475054740906, -0.2547965049743652, -0.9622480869293214]], "fy": 2048.657958984375, "fx": 2048.657958984375}, {"id": 98, "img_name": "00006_09", "width": 550, "height": 802, "position": [-0.11167880520224574, -0.37784898281097423, 1.138728305697441], "rotation": [[0.9959623217582703, 0.011361492797732364, 0.08905118703842164], [-0.015424253419041637, -0.9555516839027406, 0.29442024230957037], [0.0884380489587784, -0.29460501670837413, -0.9515181779861451]], "fy": 2048.657958984375, "fx": 2048.657958984375}, {"id": 99, "img_name": "00006_10", "width": 550, "height": 802, "position": [-0.3065414242446423, 0.23950287699699405, 1.0891933888196945], "rotation": [[0.9696444272994996, -0.051800139248371124, 0.2389695346355438], [0.006967139430344098, -0.971053659915924, -0.23875996470451352], [0.24442002177238464, 0.23317719995975494, -0.9412158727645874]], "fy": 2048.657958984375, "fx": 2048.65